380
8 18 32 42
566
32 42 5
40 41 4
32 37 4
32 37 3
8 15 3
32 37 2
15 17 14
38 41 1
32 40 3
8 13 3
13 18 4
12 17 2
16 17 7
13 18 4
8 12 6
8 13 1
35 41 4
32 33 2
32 42 8
8 13 3
8 18 2
40 41 2
38 40 9
35 36 7
13 18 2
8 18 4
9 15 1
40 42 25
32 37 1
32 37 2
32 42 2
41 42 5
11 18 5
17 18 1
37 42 4
33 42 3
37 42 5
8 18 3
13 18 4
41 42 5
37 42 2
9 14 2
8 18 4
9 15 2
38 39 2
32 34 3
13 18 1
8 14 1
8 18 2
14 17 2
13 16 6
32 33 1
11 16 2
32 37 1
37 42 4
36 42 1
38 42 1
32 33 4
15 16 6
32 37 4
16 18 16
8 10 2
11 12 1
32 42 2
8 11 1
8 18 3
8 13 3
8 17 1
39 40 2
8 18 2
8 13 1
32 42 1
15 16 3
10 15 2
36 41 2
32 37 2
8 18 4
40 42 27
8 15 3
13 18 2
9 12 3
8 18 2
8 13 3
9 18 5
32 42 1
8 13 2
8 16 2
35 40 2
32 40 1
12 17 2
14 16 4
8 18 3
8 13 2
32 42 3
12 17 2
8 18 3
35 40 4
8 18 4
12 17 3
8 13 3
12 15 4
16 17 7
39 40 1
14 17 6
32 37 6
32 42 2
13 18 4
36 41 1
32 42 1
32 42 4
37 42 4
12 17 2
32 37 2
8 13 5
12 14 1
33 38 1
32 33 5
37 42 1
34 39 1
40 41 6
33 42 4
32 39 2
8 15 1
8 18 1
13 18 1
16 18 3
37 42 4
41 42 13
8 13 2
32 37 1
32 37 1
8 18 2
12 17 2
40 41 2
32 41 4
13 18 4
8 18 1
32 42 4
34 39 1
32 37 1
8 13 3
32 36 1
8 12 2
32 39 2
8 15 2
8 18 2
32 42 7
32 34 3
8 15 7
13 18 2
17 18 3
32 37 10
37 42 4
8 13 1
32 42 2
17 18 5
36 41 1
8 15 2
8 13 1
32 41 4
8 13 1
17 18 1
32 41 5
41 42 7
12 18 5
32 37 3
36 41 1
8 13 1
32 42 2
8 9 6
37 41 5
8 18 2
8 14 1
32 37 2
8 13 2
32 42 4
13 18 4
11 16 1
33 38 4
32 37 8
32 42 2
8 18 3
37 41 6
9 14 6
14 16 1
8 13 1
13 18 4
32 37 3
9 17 2
41 42 9
32 42 2
32 42 3
32 37 6
40 42 6
38 41 2
8 18 4
13 18 8
8 13 1
35 38 2
8 11 2
32 42 6
8 18 2
37 42 1
13 18 7
37 42 5
8 10 7
32 41 4
8 18 1
39 41 1
8 11 3
32 33 82
32 37 1
8 18 3
32 42 2
13 18 2
16 18 4
32 41 4
10 17 4
8 12 2
37 42 5
13 18 4
32 39 3
32 42 2
8 18 2
32 41 2
37 42 2
8 18 8
8 13 5
9 18 2
33 40 1
32 33 4
8 9 3
8 13 2
8 13 4
32 37 3
32 37 1
41 42 4
39 41 1
37 42 7
13 18 9
38 41 1
8 18 3
8 13 3
35 40 1
32 42 2
8 13 2
8 16 5
8 18 3
32 37 9
32 37 8
33 38 1
8 13 3
10 17 1
37 42 3
8 16 1
8 13 1
15 18 1
8 13 1
33 38 2
8 18 3
32 34 4
14 17 4
17 18 36
8 13 3
35 40 2
37 42 1
8 18 2
32 35 3
32 42 8
32 41 2
12 17 1
13 18 6
32 37 3
13 18 7
32 38 3
32 40 2
16 18 9
32 42 3
13 18 4
8 16 4
32 37 4
32 42 2
8 18 4
8 17 2
14 15 1
15 18 2
13 18 2
17 18 9
8 13 7
17 18 4
32 42 1
13 18 5
13 18 4
32 37 2
12 17 2
13 18 9
37 42 1
11 16 2
32 39 2
32 42 3
32 42 5
38 42 1
8 13 8
8 13 2
16 18 12
8 13 3
16 17 3
8 18 3
39 41 2
41 42 6
10 13 3
37 42 4
32 42 2
36 37 2
37 42 5
8 13 5
8 18 6
32 42 2
8 14 1
8 18 4
39 42 2
32 35 5
32 37 1
8 18 3
32 37 3
41 42 14
8 18 1
32 37 4
13 18 4
32 40 1
13 18 8
34 39 2
8 18 1
8 14 1
32 42 3
13 18 6
8 13 2
32 40 2
8 13 2
8 13 1
32 37 1
38 41 2
32 42 3
14 16 6
13 18 6
33 38 7
33 37 5
38 42 2
32 42 3
35 41 3
32 39 2
14 17 1
32 36 1
8 18 2
8 17 2
13 18 4
13 18 4
8 18 5
16 18 13
39 40 4
9 16 4
14 15 3
8 17 1
37 41 4
32 39 2
8 13 2
8 18 1
38 42 4
37 42 1
8 10 6
15 17 8
32 40 4
33 38 2
32 42 3
9 10 37
32 42 3
32 42 2
9 14 2
13 18 3
13 18 8
32 39 2
32 40 2
10 15 5
11 16 5
32 42 1
8 16 1
17 18 7
32 37 7
10 15 9
8 13 2
8 16 6
37 42 4
13 18 1
32 38 1
8 18 3
32 42 2
32 40 4
32 42 3
32 35 3
9 11 3
8 15 4
32 37 4
32 40 2
16 18 1
32 33 3
8 16 2
16 18 6
32 37 2
34 35 3
8 17 3
8 18 3
15 17 1
8 18 1
8 13 1
13 18 1
38 39 8
8 18 4
32 37 4
32 37 1
41 42 3
13 17 7
32 42 1
36 40 2
8 13 4
8 10 2
39 41 10
32 38 1
37 42 4
8 17 3
32 37 2
32 42 1
32 37 2
32 37 4
17 18 1
41 42 20
8 18 2
32 33 2
32 34 3
8 13 2
32 42 1
32 42 3
8 13 3
13 18 4
37 42 1
8 17 6
11 12 3
15 16 12
34 35 3
8 15 1
32 42 4
32 42 1
32 41 3
32 36 2
40 41 4
8 12 1
8 18 2
32 42 6
9 13 6
37 42 2
37 42 4
8 18 4
32 37 2
15 16 3
32 36 4
8 13 2
41 42 2
32 37 2
16 18 4
8 14 3
32 42 1
13 18 3
17 18 2
32 42 2
8 18 3
32 38 1
8 18 6
32 40 3
8 13 3
37 40 7
8 15 2
32 38 4
8 13 1
41 42 1
13 18 6
8 17 4
8 18 6
32 37 2
32 42 4
32 42 2
32 40 1
13 18 7
8 14 4
13 18 4
32 41 4
34 39 7
13 18 4
32 39 1
32 42 1
8 13 3
34 35 23
41 42 4
32 42 3
8 13 3
8 18 2
8 16 2
13 18 4
32 37 8
8 14 1
8 16 3
35 40 1
8 18 2
37 42 4
32 36 2
32 38 3
8 18 2
38 39 1
38 40 1
32 37 1
39 40 19
8 18 4
10 11 4
8 13 1
32 34 3
8 18 2
41 42 54
8 18 5
40 41 4
41 42 4
39 42 2
13 18 4
32 42 3
8 15 1
11 16 6
32 33 1
32 37 3
32 37 1
15 16 2
32 42 4
8 10 3
13 18 4
32 42 3
35 37 4
32 42 3
32 40 2
8 13 10
32 42 1
32 35 1
32 37 2
8 18 7
8 18 4
32 37 2
32 37 3
40 41 13
32 37 2
32 42 2
36 42 1
16 17 1
8 11 4
32 35 4
34 39 5
8 18 7
11 16 7
32 42 3
8 12 2
37 42 1
33 38 8
